 0.00849918 -0.01692881 -0.00175878  0.01591902 -0.00556147 -0.00349392
  0.00694963  0.00325036  0.01099182 -0.0033999  -0.00069643 -0.00169158]
squeeze
[-0.01778446 -0.00278542  0.00114004  0.01024195 -0.01174682  0.00120507
 -0.00369143 -0.01042117 -0.00329671 -0.01929459  0.00408987 -0.00599316]
squeeze
[-0.00335997  0.00101098 -0.00746127  0.0066983   0.00204984 -0.00318435
 -0.02224331 -0.00652611 -0.01792716  0.01158254 -0.00376169 -0.01002502]
squeeze
[-0.00980366 -0.00340933 -0.00305109 -0.00623203  0.00195174 -0.00176921
 -0.00842941 -0.01747388 -0.04061163  0.02976811 -0.01700957 -0.03089583]
squeeze
[-0.00330099  0.00254112 -0.00387828  0.01062111  0.01044626 -0.00941184
 -0.01309966 -0.03356245 -0.03832868  0.03419279 -0.02995219 -0.05415143]
squeeze
[ 4.97353822e-03 -8.71196389e-05 -1.13575794e-02  3.06042284e-03
  1.97372586e-03 -4.72559035e-03 -2.38285214e-02 -3.73003483e-02
 -8.03932101e-02  1.81638226e-02 -3.22088152e-02 -8.08060765e-02]
squeeze
[-0.0272806  -0.02359308 -0.00861012  0.00613127 -0.0014989  -0.00305216
 -0.0334138  -0.03077468 -0.08922976  0.05039628 -0.0438394  -0.08862501]
squeeze
[ 0.00210205 -0.01364924 -0.01030703  0.00519496 -0.01647004  0.00241968
 -0.03915906 -0.06152409 -0.13054073  0.04750437 -0.04729761 -0.10071713]
squeeze
[-0.01129117 -0.01801628 -0.01104718  0.00596197 -0.00306789 -0.00817664
 -0.03361177 -0.04744163 -0.14699221  0.03987595 -0.03300719 -0.09017593]
squeeze
[-0.01450156 -0.02119374 -0.01469642  0.01757263 -0.02260407 -0.0021994
 -0.04851133 -0.05231577 -0.15803915  0.05193171 -0.04347342 -0.11613518]
squeeze
[-0.0206679  -0.03438821 -0.0157093   0.00623159 -0.01086863 -0.00552992
 -0.03292409 -0.04580057 -0.17046142  0.06729192 -0.06031692 -0.13333392]
squeeze
[-0.01556233 -0.03563206 -0.02303679  0.01917765 -0.001575   -0.00576261
 -0.03807166 -0.04609764 -0.18637526  0.03056327 -0.01719028 -0.09137714]
squeeze
[-0.01293997 -0.0433498  -0.03996812  0.033622   -0.01348339 -0.01689177
 -0.03439742 -0.04665238 -0.18569291  0.06497437 -0.04436204 -0.12585956]
squeeze
[-0.02238933 -0.03842574 -0.04615229  0.0413271  -0.0180167  -0.01142514
 -0.02720228 -0.04894155 -0.20580745  0.05858803 -0.03086093 -0.12682211]
squeeze
[-0.02191466 -0.03510535 -0.03965642  0.03432202 -0.01168224 -0.01524624
 -0.03577608 -0.03813511 -0.18291092  0.0574277  -0.03130668 -0.11794937]
squeeze
[-0.01022482 -0.03353858 -0.05965792  0.02521655 -0.00606677 -0.00996829
 -0.02535218 -0.03964615 -0.17950642  0.03692341 -0.0241248  -0.11783206]
squeeze
[-0.01137629 -0.03679961 -0.05825323  0.03521878 -0.00332566 -0.01039043
 -0.04454535 -0.05190223 -0.21117115  0.05239803 -0.00611621 -0.11722529]
squeeze
[-0.01170649 -0.03821823 -0.06128457  0.03541124 -0.00087813 -0.0103146
 -0.03238428 -0.02946043 -0.1887145   0.05537939 -0.01422155 -0.14012718]
squeeze
[ 0.00272827 -0.02800289 -0.07408398  0.02632144  0.00122164 -0.01184868
 -0.03695977 -0.05862361 -0.19757032  0.03966027 -0.01159805 -0.12737453]
squeeze
[-0.00169164 -0.00536615 -0.07454884  0.03783873 -0.0006343  -0.00549768
 -0.02304977 -0.04067755 -0.19267821  0.02505231 -0.01529396 -0.13420796]
squeeze
[-0.00049609 -0.02406687 -0.08503693  0.03139535 -0.00057393 -0.00609218
 -0.01806039 -0.03989363 -0.1815176   0.02409589 -0.0424493  -0.15061319]
squeeze
[-0.0061413  -0.00803834 -0.08266777  0.02977651  0.00042456 -0.00280118
 -0.02657962 -0.02601206 -0.1728344   0.01673907 -0.02293259 -0.15166116]
squeeze
[ 0.00728737 -0.01317489 -0.09950715  0.03139049  0.003123   -0.00117711
 -0.00468332 -0.03893173 -0.17367458  0.02162987 -0.02669936 -0.16946602]
squeeze
[ 0.00812249 -0.0112952  -0.09371281  0.03402531  0.00411618 -0.00327867
 -0.00253785 -0.03940177 -0.17634487  0.01538497 -0.02128708 -0.15961885]
squeeze
[ 0.01090646 -0.02064729 -0.10514879  0.04277986  0.01603836  0.01099019
 -0.00529748 -0.03507423 -0.16724086  0.03229153 -0.04057783 -0.18248844]
squeeze
[-0.0038632   0.00152254 -0.10592115  0.02919579  0.00864924  0.00250604
 -0.01098561 -0.04281366 -0.16701102  0.02954751 -0.04138333 -0.18142176]
squeeze
[ 0.01230119 -0.0114525  -0.13132358  0.02882326  0.01169354  0.00304107
  0.01169163 -0.03608346 -0.18314767  0.01691848 -0.05880725 -0.19116402]
squeeze
[-0.00522925  0.00772953 -0.12220585  0.02733517  0.01304191  0.00655618
  0.0191319  -0.02904129 -0.179456    0.0366953  -0.05311245 -0.208951  ]
squeeze
[ 0.01593851 -0.00561327 -0.12679398  0.03542989  0.01807056  0.00838718
  0.02260238 -0.0189327  -0.16621161  0.03643978 -0.0522579  -0.20445704]
squeeze
[ 0.00146179  0.0025689  -0.12662446  0.03171861  0.02863393  0.02797946
  0.02669227 -0.01092052 -0.1723094   0.02462947 -0.07183409 -0.21837568]
squeeze
[ 0.0072631   0.01944005 -0.1442709   0.03059113  0.0212896   0.01671749
  0.03337544 -0.00066411 -0.16494322  0.04169774 -0.0791297  -0.21985769]
squeeze